
Summary of Generated Graphs:
---------------------------------------------------------------------------------------------------------
   Step     Nodes     Edges     Chromatic #    Arboricity   Thickness    Is Planar   
---------------------------------------------------------------------------------------------------------
    0         10        45          10              5           10         False     
    1         11        46          10              4           11         False     
    2         12        49          10              4           12         False     
    3         13        54          10              4           13         False     
    4         14        61          10              4           14         False     
    5         15        70          10              5           15         False     
    6         16        81          10              5           16         False     
    7         17        94          10              5           17         False     
    8         18       109          10              6           18         False     
    9         19       117          10              6           19         False     
    10        20       125          10              6           20         False     
    11        21       133          10              6           21         False     
    12        22       141          10              6           22         False     
    13        23       149          10              6           23         False     
    14        24       157          10              6           24         False     
    15        25       165          10              6           25         False     
    16        26       173          10              6           26         False     
    17        27       181          10              6           27         False     
    18        28       189          10              7           28         False     
---------------------------------------------------------------------------------------------------------
